resultsFileName : 2016-05-18_linux_v2.1.0_node-v5.4.1_v100to1k_1463612413831.json
seq       nT       nO       nP    T-q50   T-q95   T-q99   T-max  T-stdev  P-q50   P-q95     mT%     mO%   testName                                                                 
 29     1000     1000        1    0.055   0.062   0.070   0.781   0.030   0.000   0.000 100.000   0.100   filterJsArray_k1to100_fixedKey_k1d_v1kto1k                                 
 22     1000     1000        1    0.145   0.151   0.156   1.339   0.044   0.000   0.000 100.000   0.100   filterJsArray_k1to100_fixedKey_k4d_v1kto1k                                 
 33      100      100      100    0.755   0.872   1.097   1.215   0.074   0.000   0.000 100.000   1.000   filter_k100to100_m100_v100to100                                            
 28      100      100       10    0.373   0.731   2.507   2.952   0.308   0.000   0.001  54.000   0.540   filter_k10to100_m50_v100to100                                              
  1     1000     1000       11    3.911   5.392   6.437  12.104   0.794   0.000   0.000  50.200   0.050   filter_k10to100_m50_v1kto1k                                                
  5     1000      100        1    0.507   0.756   0.957   6.282   0.286   0.005   0.008  81.500   1.933   filter_k1to100_charDotStar_v1kto100                                        
 10     1000     1000        1    5.156   7.764   8.877  13.347   1.340   0.005   0.008 100.000   1.886   filter_k1to100_charDotStar_v1kto1k                                         
 20     1000     1000        1    2.354   2.515   2.692   9.272   0.260   0.002   0.003 100.000   0.100   filter_k1to100_fixedKey_k1d_v1kto1k                                        
 11     1000     1000        1    3.095   3.259   3.384   6.631   0.194   0.003   0.003 100.000   0.100   filter_k1to100_fixedKey_k4d_v1kto1k                                        
 14      100      100        1    0.323   0.432   1.956   2.541   0.234   0.003   0.004  56.000   0.560   filter_k1to100_m50_v100to100                                               
 35     1000     1000        1    3.934   5.481   6.969  13.358   0.844   0.004   0.005  49.300   0.049   filter_k1to100_m50_v1kto1k                                                 
 27      100      100        1    0.359   0.510   1.143   1.206   0.140   0.004   0.005  42.000   4.060   filter_k1to1_pRegDotStar_tWord_m50_v100to100                               
  0     1000     1000        1    1.803   2.075   2.583  11.253   0.367   0.002   0.002  50.600   4.580   filter_k1to1_pRegDotStar_tWord_m50_v1kto1k                                 
  6      100      100        1    0.129   0.148   0.358   0.454   0.034   0.001   0.001  57.000   0.570   filter_k1to1_pWord_tWord_m50_v100to100                                     
 18     1000     1000        1    1.202   1.310   2.939   3.457   0.324   0.001   0.001  48.800   0.049   filter_k1to1_pWord_tWord_m50_v1kto1k                                       
  3      100        1        1    0.074   0.092   1.002   1.457   0.139   0.074   0.092  56.000  56.000   matchSimple_k1to100_m50_v100to100                                          
 24     1000        1        1    0.083   0.187   0.249  11.474   0.362   0.083   0.187  49.300  49.300   matchSimple_k1to100_m50_v1kto1k                                            
 32      100        1        1    0.061   0.089   0.149   0.156   0.014   0.061   0.089  57.000  57.000   matchSimple_k1to1_pWord_tWord_m50_v100to100                                
  4     1000        1        1    0.062   0.069   0.104   3.863   0.131   0.062   0.069  48.800  48.800   matchSimple_k1to1_pWord_tWord_m50_v1kto1k                                  
  8      100        1      100    0.380   0.410   0.442   0.452   0.016   0.004   0.004 100.000 100.000   match_k100to100_m100_v100to100                                             
  9     1000        1      100    0.382   0.412   0.434   3.819   0.237   0.004   0.004 100.000 100.000   match_k100to100_m100_v1kto1k                                               
 23      100        1       10    0.064   0.082   3.894   6.045   0.596   0.006   0.008  54.000  54.000   match_k10to100_m50_v100to100                                               
 15     1000        1       11    0.046   0.054   0.059   0.289   0.010   0.004   0.005  50.200  50.200   match_k10to100_m50_v1kto1k                                                 
 21      100        1        1    0.007   0.013   0.024   0.028   0.003   0.007   0.013  56.000  56.000   match_k1to100_m50_v100to100                                                
 19     1000        1        1    0.009   0.013   0.017   0.543   0.020   0.009   0.013  49.300  49.300   match_k1to100_m50_v1kto1k                                                  
 16      100        1        1    0.002   0.003   0.027   0.037   0.004   0.002   0.003  47.000  47.000   match_k1to1_pParagraph_tParagraph_m50_v100to100                            
 37     1000        1        1    0.002   0.003   0.004   0.013   0.001   0.002   0.003  49.500  49.500   match_k1to1_pParagraph_tParagraph_m50_v1kto1k                              
  7      100        1        1    0.002   0.003   0.011   0.013   0.001   0.002   0.003  47.000  47.000   match_k1to1_pString_tString_m50_v100to100                                  
 13     1000        1        1    0.002   0.003   0.003   0.021   0.001   0.002   0.003  50.800  50.800   match_k1to1_pString_tString_m50_v1kto1k                                    
 34      100        1        1    0.002   0.003   0.010   0.012   0.001   0.002   0.003  57.000  57.000   match_k1to1_pWord_tWord_m50_v100to100                                      
  2     1000        1        1    0.002   0.002   0.003   0.482   0.016   0.002   0.002  48.800  48.800   match_k1to1_pWord_tWord_m50_v1kto1k                                        
 36      100        1        1    0.004   0.006   0.023   0.024   0.003   0.004   0.006  42.000  42.000   regMatch_k1to1_pRegDotStar_tWord_m50_v100to100                             
 31     1000        1        1    0.006   0.020   0.027   0.107   0.007   0.006   0.020  50.100  50.100   regMatch_k1to1_pRegDotStar_tWord_m50_v1kto1k                               
 38      100        1        1    0.009   0.027   0.057   0.063   0.010   0.009   0.027  40.000  40.000   regMatch_k1to1_pRegDot_tWord_m50_v100to100                                 
 26     1000        1        1    0.016   0.024   0.109   0.577   0.023   0.016   0.024  44.800  44.800   regMatch_k1to1_pRegDot_tWord_m50_v1kto1k                                   
 25      100        1        1    0.007   0.020   0.357   0.492   0.051   0.007   0.020  57.000  57.000   regMatch_k1to1_pRegMidStr_tWord_m50_v100to100                              
 30     1000        1        1    0.004   0.005   0.008   0.630   0.020   0.004   0.005  48.200  48.200   regMatch_k1to1_pRegMidStr_tWord_m50_v1kto1k                                
 17      100        1        1    0.003   0.006   0.032   0.038   0.004   0.003   0.006  51.000  51.000   regMatch_k1to1_pRegPhone_tPhone_m50_v100to100                              
 12     1000        1        1    0.004   0.005   0.008   0.768   0.025   0.004   0.005  47.500  47.500   regMatch_k1to1_pRegPhone_tPhone_m50_v1kto1k                                
