resultsFileName : 2016-05-04_linux_v1.0.0_node-v4.2.4_v100to1k_1462375708099.json
seq       nT       nO       nP    T-q50   T-q95   T-q99   T-max  T-stdev  P-q50   P-q95     mT%     mO%   testName                                                                 
  1     1000     1000        1    0.364   0.391   0.417   2.953   0.123   0.000   0.000 100.000   0.100   filterJsArray_k1to100_fixedKey_k1d_v1kto1k                                 
  7     1000     1000        1    0.134   0.156   0.169   0.922   0.034   0.000   0.000 100.000   0.100   filterJsArray_k1to100_fixedKey_k4d_v1kto1k                                 
  9      100      100      100    0.786   0.892   0.937   0.947   0.055   0.000   0.000 100.000   1.000   filter_k100to100_m100_v100to100                                            
 33      100      100       10    0.352   0.452   3.218   4.735   0.439   0.000   0.000  54.000   0.540   filter_k10to100_m50_v100to100                                              
  3     1000     1000       11    3.655   4.814   5.467   9.662   0.620   0.000   0.000  50.200   0.050   filter_k10to100_m50_v1kto1k                                                
 38     1000      100        1    0.500   0.791   0.977   3.890   0.224   0.005   0.008  81.500   1.933   filter_k1to100_charDotStar_v1kto100                                        
 27     1000     1000        1    5.758   8.684   9.983  18.926   1.666   0.006   0.009 100.000   1.886   filter_k1to100_charDotStar_v1kto1k                                         
 20     1000     1000        1    1.360   1.482   2.426   7.234   0.289   0.001   0.001 100.000   0.100   filter_k1to100_fixedKey_k1d_v1kto1k                                        
  6     1000     1000        1    3.101   3.253   4.556   7.817   0.320   0.003   0.003 100.000   0.100   filter_k1to100_fixedKey_k4d_v1kto1k                                        
 10      100      100        1    0.321   0.418   0.921   1.196   0.098   0.003   0.004  56.000   0.560   filter_k1to100_m50_v100to100                                               
  8     1000     1000        1    3.557   4.705   5.383  90.567   2.829   0.004   0.005  49.300   0.049   filter_k1to100_m50_v1kto1k                                                 
 17      100      100        1    0.196   0.234   0.676   0.924   0.074   0.002   0.002  42.000   4.060   filter_k1to1_pRegDotStar_tWord_m50_v100to100                               
 15     1000     1000        1    1.868   2.583   2.852   3.746   0.229   0.002   0.003  50.600   4.580   filter_k1to1_pRegDotStar_tWord_m50_v1kto1k                                 
 37      100      100        1    0.167   0.202   2.065   3.141   0.296   0.002   0.002  57.000   0.570   filter_k1to1_pWord_tWord_m50_v100to100                                     
 16     1000     1000        1    1.252   1.373   2.256   2.696   0.195   0.001   0.001  48.800   0.049   filter_k1to1_pWord_tWord_m50_v1kto1k                                       
  0      100        1        1    0.062   0.144   1.012   1.398   0.138   0.062   0.144  56.000  56.000   matchSimple_k1to100_m50_v100to100                                          
 25     1000        1        1    0.057   0.073   0.109   9.317   0.294   0.057   0.073  49.300  49.300   matchSimple_k1to100_m50_v1kto1k                                            
 23      100        1        1    0.048   0.078   0.177   0.202   0.019   0.048   0.078  57.000  57.000   matchSimple_k1to1_pWord_tWord_m50_v100to100                                
  2     1000        1        1    0.010   0.012   0.028   1.666   0.064   0.010   0.012  48.800  48.800   matchSimple_k1to1_pWord_tWord_m50_v1kto1k                                  
 30      100        1      100    0.429   0.476   2.229   3.282   0.285   0.004   0.005 100.000 100.000   match_k100to100_m100_v100to100                                             
 26     1000        1      100    0.441   0.480   0.507   7.025   0.272   0.004   0.005 100.000 100.000   match_k100to100_m100_v1kto1k                                               
 22      100        1       10    0.048   0.064   0.104   0.120   0.010   0.005   0.006  54.000  54.000   match_k10to100_m50_v100to100                                               
  5     1000        1       11    0.053   0.065   0.077   6.052   0.222   0.005   0.006  50.200  50.200   match_k10to100_m50_v1kto1k                                                 
 32      100        1        1    0.008   0.012   0.027   0.032   0.003   0.008   0.012  56.000  56.000   match_k1to100_m50_v100to100                                                
 19     1000        1        1    0.009   0.013   0.022   0.032   0.003   0.009   0.013  49.300  49.300   match_k1to100_m50_v1kto1k                                                  
 14      100        1        1    0.002   0.004   0.010   0.014   0.001   0.002   0.004  47.000  47.000   match_k1to1_pParagraph_tParagraph_m50_v100to100                            
 31     1000        1        1    0.005   0.006   0.016   0.026   0.002   0.005   0.006  49.500  49.500   match_k1to1_pParagraph_tParagraph_m50_v1kto1k                              
 36      100        1        1    0.004   0.007   0.016   0.016   0.002   0.004   0.007  47.000  47.000   match_k1to1_pString_tString_m50_v100to100                                  
 34     1000        1        1    0.004   0.005   0.016   0.022   0.002   0.004   0.005  50.800  50.800   match_k1to1_pString_tString_m50_v1kto1k                                    
  4      100        1        1    0.002   0.004   0.074   0.095   0.010   0.002   0.004  57.000  57.000   match_k1to1_pWord_tWord_m50_v100to100                                      
 12     1000        1        1    0.002   0.003   0.004   0.025   0.001   0.002   0.003  48.800  48.800   match_k1to1_pWord_tWord_m50_v1kto1k                                        
 13      100        1        1    0.006   0.024   0.259   0.385   0.038   0.006   0.024  42.000  42.000   regMatch_k1to1_pRegDotStar_tWord_m50_v100to100                             
 21     1000        1        1    0.003   0.004   0.016   0.055   0.002   0.003   0.004  50.100  50.100   regMatch_k1to1_pRegDotStar_tWord_m50_v1kto1k                               
 24      100        1        1    0.015   0.031   0.049   0.051   0.010   0.015   0.031  40.000  40.000   regMatch_k1to1_pRegDot_tWord_m50_v100to100                                 
 11     1000        1        1    0.015   0.022   0.035   0.628   0.034   0.015   0.022  44.800  44.800   regMatch_k1to1_pRegDot_tWord_m50_v1kto1k                                   
 18      100        1        1    0.004   0.006   0.018   0.020   0.002   0.004   0.006  57.000  57.000   regMatch_k1to1_pRegMidStr_tWord_m50_v100to100                              
 28     1000        1        1    0.006   0.007   0.018   0.188   0.006   0.006   0.007  48.200  48.200   regMatch_k1to1_pRegMidStr_tWord_m50_v1kto1k                                
 29      100        1        1    0.006   0.010   0.136   0.196   0.019   0.006   0.010  51.000  51.000   regMatch_k1to1_pRegPhone_tPhone_m50_v100to100                              
 35     1000        1        1    0.006   0.007   0.019   0.024   0.002   0.006   0.007  47.500  47.500   regMatch_k1to1_pRegPhone_tPhone_m50_v1kto1k                                
