resultsFileName : 2016-05-16_linux_v2.0.0_node-v5.4.1_v100to1k_1463385482140.json
seq       nT       nO       nP    T-q50   T-q95   T-q99   T-max  T-stdev  P-q50   P-q95     mT%     mO%   testName                                                                 
 18     1000     1000        1    0.049   0.064   0.070   0.641   0.025   0.000   0.000 100.000   0.100   filterJsArray_k1to100_fixedKey_k1d_v1kto1k                                 
 10     1000     1000        1    1.083   1.239   1.420   3.946   0.139   0.001   0.001 100.000   0.100   filterJsArray_k1to100_fixedKey_k4d_v1kto1k                                 
 12      100      100      100    0.874   0.988   1.357   1.461   0.094   0.000   0.000 100.000   1.000   filter_k100to100_m100_v100to100                                            
 21      100      100       10    0.405   0.510   1.710   2.357   0.203   0.000   0.001  54.000   0.540   filter_k10to100_m50_v100to100                                              
  3     1000     1000       11    4.143   5.302   5.918  11.022   0.711   0.000   0.000  50.200   0.050   filter_k10to100_m50_v1kto1k                                                
 31     1000      100        1    0.575   0.807   0.920   2.459   0.160   0.006   0.008  81.500   1.933   filter_k1to100_charDotStar_v1kto100                                        
 16     1000     1000        1    5.765   7.901   8.786  10.338   1.189   0.006   0.008 100.000   1.886   filter_k1to100_charDotStar_v1kto1k                                         
 11     1000     1000        1    3.408   3.673   3.857   6.214   0.183   0.003   0.004 100.000   0.100   filter_k1to100_fixedKey_k1d_v1kto1k                                        
 24     1000     1000        1    3.157   3.444   4.546   6.651   0.293   0.003   0.003 100.000   0.100   filter_k1to100_fixedKey_k4d_v1kto1k                                        
 38      100      100        1    0.360   0.484   1.564   1.991   0.178   0.004   0.005  56.000   0.560   filter_k1to100_m50_v100to100                                               
 27     1000     1000        1    3.995   5.072   5.741  13.857   0.663   0.004   0.005  49.300   0.049   filter_k1to100_m50_v1kto1k                                                 
 29      100      100        1    0.292   0.341   0.352   0.353   0.023   0.003   0.003  42.000   4.060   filter_k1to1_pRegDotStar_tWord_m50_v100to100                               
 33     1000     1000        1    2.852   3.303   3.650 115.487   3.569   0.003   0.003  50.600   4.580   filter_k1to1_pRegDotStar_tWord_m50_v1kto1k                                 
 28      100      100        1    0.154   0.175   0.199   0.204   0.011   0.002   0.002  57.000   0.570   filter_k1to1_pWord_tWord_m50_v100to100                                     
 19     1000     1000        1    1.485   1.665   2.603   4.888   0.222   0.001   0.002  48.800   0.049   filter_k1to1_pWord_tWord_m50_v1kto1k                                       
  5      100        1        1    0.108   0.142   0.265   0.281   0.024   0.108   0.142  56.000  56.000   matchSimple_k1to100_m50_v100to100                                          
 15     1000        1        1    0.109   0.135   0.162   8.546   0.268   0.109   0.135  49.300  49.300   matchSimple_k1to100_m50_v1kto1k                                            
  7      100        1        1    0.102   0.160   0.471   0.608   0.054   0.102   0.160  57.000  57.000   matchSimple_k1to1_pWord_tWord_m50_v100to100                                
  1     1000        1        1    0.016   0.029   0.060   1.040   0.063   0.016   0.029  48.800  48.800   matchSimple_k1to1_pWord_tWord_m50_v1kto1k                                  
 36      100        1      100    0.515   0.601   0.636   0.644   0.042   0.005   0.006 100.000 100.000   match_k100to100_m100_v100to100                                             
 25     1000        1      100    0.508   0.572   0.622   3.494   0.223   0.005   0.006 100.000 100.000   match_k100to100_m100_v1kto1k                                               
 17      100        1       10    0.055   0.072   0.079   0.081   0.008   0.006   0.007  54.000  54.000   match_k10to100_m50_v100to100                                               
  9     1000        1       11    0.064   0.082   0.109   0.141   0.012   0.006   0.007  50.200  50.200   match_k10to100_m50_v1kto1k                                                 
 14      100        1        1    0.009   0.013   0.453   0.713   0.070   0.009   0.013  56.000  56.000   match_k1to100_m50_v100to100                                                
 32     1000        1        1    0.011   0.021   0.026   0.037   0.003   0.011   0.021  49.300  49.300   match_k1to100_m50_v1kto1k                                                  
  4      100        1        1    0.003   0.006   0.023   0.026   0.003   0.003   0.006  47.000  47.000   match_k1to1_pParagraph_tParagraph_m50_v100to100                            
 20     1000        1        1    0.003   0.004   0.007   0.025   0.001   0.003   0.004  49.500  49.500   match_k1to1_pParagraph_tParagraph_m50_v1kto1k                              
 30      100        1        1    0.003   0.010   0.024   0.029   0.003   0.003   0.010  47.000  47.000   match_k1to1_pString_tString_m50_v100to100                                  
  2     1000        1        1    0.003   0.005   0.015   0.504   0.016   0.003   0.005  50.800  50.800   match_k1to1_pString_tString_m50_v1kto1k                                    
  6      100        1        1    0.003   0.005   0.018   0.020   0.002   0.003   0.005  57.000  57.000   match_k1to1_pWord_tWord_m50_v100to100                                      
 35     1000        1        1    0.003   0.004   0.006   0.021   0.001   0.003   0.004  48.800  48.800   match_k1to1_pWord_tWord_m50_v1kto1k                                        
  8      100        1        1    0.010   0.040   0.457   0.592   0.063   0.010   0.040  42.000  42.000   regMatch_k1to1_pRegDotStar_tWord_m50_v100to100                             
 37     1000        1        1    0.005   0.006   0.019   0.066   0.003   0.005   0.006  50.100  50.100   regMatch_k1to1_pRegDotStar_tWord_m50_v1kto1k                               
 26      100        1        1    0.018   0.028   0.053   0.063   0.010   0.018   0.028  40.000  40.000   regMatch_k1to1_pRegDot_tWord_m50_v100to100                                 
 34     1000        1        1    0.019   0.031   0.038   0.501   0.018   0.019   0.031  44.800  44.800   regMatch_k1to1_pRegDot_tWord_m50_v1kto1k                                   
 22      100        1        1    0.006   0.012   0.023   0.024   0.003   0.006   0.012  57.000  57.000   regMatch_k1to1_pRegMidStr_tWord_m50_v100to100                              
  0     1000        1        1    0.007   0.011   0.022   1.136   0.047   0.007   0.011  48.200  48.200   regMatch_k1to1_pRegMidStr_tWord_m50_v1kto1k                                
 13      100        1        1    0.011   0.016   0.160   0.238   0.023   0.011   0.016  51.000  51.000   regMatch_k1to1_pRegPhone_tPhone_m50_v100to100                              
 23     1000        1        1    0.010   0.014   0.025   0.095   0.005   0.010   0.014  47.500  47.500   regMatch_k1to1_pRegPhone_tPhone_m50_v1kto1k                                
